{
 "cells": [
  {
   "cell_type": "markdown",
   "id": "989bde93",
   "metadata": {},
   "source": [
    "以下の行列に対して、特異値分解をしてください。"
   ]
  },
  {
   "cell_type": "code",
   "execution_count": 3,
   "id": "62d9222f",
   "metadata": {},
   "outputs": [],
   "source": [
    "import numpy as np\n",
    "import scipy as sp"
   ]
  },
  {
   "cell_type": "code",
   "execution_count": 4,
   "id": "9217ece1",
   "metadata": {},
   "outputs": [
    {
     "data": {
      "text/plain": [
       "array([[ 1,  2,  3],\n",
       "       [ 4,  5,  6],\n",
       "       [ 7,  8,  9],\n",
       "       [10, 11, 12]])"
      ]
     },
     "execution_count": 4,
     "metadata": {},
     "output_type": "execute_result"
    }
   ],
   "source": [
    "B = np.array([[1,2,3],[4,5,6],[7,8,9],[10,11,12]])\n",
    "B"
   ]
  },
  {
   "cell_type": "code",
   "execution_count": 5,
   "id": "873b0ce4",
   "metadata": {},
   "outputs": [],
   "source": [
    "U, s, Vs = sp.linalg.svd(B)"
   ]
  },
  {
   "cell_type": "code",
   "execution_count": 6,
   "id": "926f7897",
   "metadata": {},
   "outputs": [
    {
     "data": {
      "text/plain": [
       "array([[-0.14087668, -0.82471435,  0.53999635, -0.09167299],\n",
       "       [-0.34394629, -0.42626394, -0.65166613,  0.52472017],\n",
       "       [-0.54701591, -0.02781353, -0.31665681, -0.77442137],\n",
       "       [-0.75008553,  0.37063688,  0.42832658,  0.34137419]])"
      ]
     },
     "execution_count": 6,
     "metadata": {},
     "output_type": "execute_result"
    }
   ],
   "source": [
    "U"
   ]
  },
  {
   "cell_type": "code",
   "execution_count": 7,
   "id": "5e90c231",
   "metadata": {},
   "outputs": [
    {
     "data": {
      "text/plain": [
       "array([2.54624074e+01, 1.29066168e+00, 2.40694596e-15])"
      ]
     },
     "execution_count": 7,
     "metadata": {},
     "output_type": "execute_result"
    }
   ],
   "source": [
    "s"
   ]
  },
  {
   "cell_type": "code",
   "execution_count": 8,
   "id": "7715c55e",
   "metadata": {},
   "outputs": [
    {
     "data": {
      "text/plain": [
       "array([[-0.50453315, -0.5745157 , -0.64449826],\n",
       "       [ 0.76077568,  0.05714052, -0.64649464],\n",
       "       [-0.40824829,  0.81649658, -0.40824829]])"
      ]
     },
     "execution_count": 8,
     "metadata": {},
     "output_type": "execute_result"
    }
   ],
   "source": [
    "Vs"
   ]
  },
  {
   "cell_type": "code",
   "execution_count": null,
   "id": "76e756cd",
   "metadata": {},
   "outputs": [],
   "source": []
  }
 ],
 "metadata": {
  "kernelspec": {
   "display_name": "Python 3",
   "language": "python",
   "name": "python3"
  },
  "language_info": {
   "codemirror_mode": {
    "name": "ipython",
    "version": 3
   },
   "file_extension": ".py",
   "mimetype": "text/x-python",
   "name": "python",
   "nbconvert_exporter": "python",
   "pygments_lexer": "ipython3",
   "version": "3.14.5"
  }
 },
 "nbformat": 4,
 "nbformat_minor": 5
}
